Study      Run             vconst_corr                vconst_2                vconst_3                vconst_4                 vconst_5                vconst_7                 ah_corr               ah_bolus                slm_corr       efficiency_factor           tidal_mix_max      vertical_decay_scale            convect_corr            bckgrnd_vdc1          bckgrnd_vdc_ban          bckgrnd_vdc_eq        bckgrnd_vdc_psim                 Prandtl   outcome
    1        1      0.8590362064372231      0.9278245357602525      0.2528656223672442       0.298838311199668       0.1705212998954166       0.735936040913738      0.4283254278810799     0.5679469417703027      0.4743695999935477      0.2456748547110086      0.1042258652974851        0.8690907029810155      0.9975184956319734      0.4486200774528293       0.3075217871189428      0.8583103652138057      0.7969972396308247      0.8698930381357464         0
    1        2      0.6060410252371287      0.4577283627625244      0.3594484227670667      0.3069573767716065       0.8433307671777179      0.9348506611513181      0.4445724883608314     0.8280149253395697       0.296617752717187      0.6168699015410514      0.9757855814040846        0.9143436669954098      0.8452471419276359      0.8641518680676301       0.3467126889826937      0.3565734170881721      0.4384471887114665      0.5122561439056882         1
    1        3      0.9975997770308621      0.3732384871005909      0.5173993555298593      0.5049925456690189       0.6189033359884182      0.6055708232180527      0.7462253300408419     0.1959282919790389      0.8156669351065324      0.6793550279741694      0.8034130759821791        0.6439951609962413      0.7184411332114703       0.924775074027841       0.3153714063448004       0.250642370688729      0.2856355271897175      0.3658579636572136         1
    1        4      0.7834078593063168      0.1040553139561477      0.1975326951075759      0.4218371592474998       0.7420556675966105      0.4908278824153564    0.005525436956021521     0.3921232672136588     0.01001489496427692      0.4714626999390829      0.5978789030832963        0.7616587520758105      0.3627505607476147      0.9128190944424003       0.9779711752522013      0.8459212272518521      0.6994309323594078       0.475986734584957         1
    1        5      0.4062495307854584      0.5131992969299771     0.06181157701002021      0.6358367185561089       0.8447975169867277       0.441502226525659      0.1919264511554502     0.4875461161201303      0.3585335812259776      0.5515432350816102      0.7438765191563612        0.3123494343301799      0.6502228327173118      0.5222610158289576      0.04354476482710905      0.3766601113511974      0.2800977588864044      0.1322828760745728         1
    1        6     0.04137946970553862      0.6290259378832869      0.3033801053391976      0.8134075716681157       0.2228171225055121      0.9712060327589925      0.6097782897944045     0.6478038592160577      0.7379138729560913      0.4409432071131758     0.03598236603946942        0.6158676668988645     0.01748718426743936      0.9323195147599714       0.3293180378567842      0.9541227757917822      0.1353789149964642      0.2948047955455776         1
    1        7      0.1610500675703709       0.548838498016509      0.1535834560946872      0.6544153967846392       0.1403462127536639      0.7966458873060118      0.4058396236440684     0.6626356250127881     0.04942668516499301      0.5785194938329773      0.2648546829004772        0.9592173730462997      0.6981068318179394      0.4673589494441532       0.6370776960057103     0.01125133065377466      0.1473251569498744      0.2138142472223586         1
    1        8      0.4152989863935445      0.8987313634302053       0.931821763206325      0.9166479389325508       0.3991056376589566    0.009445114781717874      0.8462574603333551     0.6837725402619172      0.3973064568799197       0.886768087244127      0.5224278472764935        0.6947735654823999      0.8865223179739486      0.4116728830785077       0.4811080538564259      0.9265463702341853     0.02643087041538416     0.09273955239138255         1
    1        9      0.1667578778022693      0.3529718557178664      0.9881206108774576      0.2870703172960525       0.5636256000505657      0.4027078751797995       0.380931733126959     0.4791912380580066     0.06016529398038984      0.2365244451366986      0.2904837083330171        0.3918330724441653      0.2549443022593753      0.4883995859055884      0.05368356508487422      0.8622256041012912      0.4150551393809211      0.4871258994616154         1
    1       10      0.6556260785320773      0.4139307171921246       0.805288477992225      0.1634858637608381       0.8619016950781871      0.9475945318001323      0.5465636756814396     0.4261410062472957      0.4170803090984312      0.9456095739267767         0.3253875090068        0.6665268083633338      0.3742700553525032      0.1002913507425951       0.2132902799756266      0.2228596709539286    0.007286212501478278      0.4200273619990589         1
    1       11      0.5900079766417751      0.2936924123515686      0.4234978443942964      0.3298034631246183       0.4578376998568678      0.8297822964209547      0.4977667353853273     0.1594403342292127      0.9711218647438929      0.4923425384072794     0.08426897241087217        0.9743339475205478      0.9264239087209313      0.2954259188030847       0.8042124523444929      0.8708400092540413      0.5462950225350344      0.8848710788258662         1
    1       12      0.8819290793824216      0.4249161571807539      0.9032223669579252      0.1733059139094419         0.79100537164292      0.4761835240681346      0.6811758406900077     0.9058438524966025       0.828415465574815     0.08371732902273329      0.5205666508396261       0.07291534579255515      0.9480946850510211      0.9996158905262645       0.7284591146705983      0.2858883555836251      0.2108896425795845      0.8335898681530832         1
    1       13      0.9610102615228647      0.9769068064193965         0.8579287729834      0.6149712274976386       0.6155159288254153      0.3527692043429448      0.8339600060458502    0.09509174928146724      0.2308925419981177      0.9548332776512124      0.5771817487729197        0.7835114301751471      0.5304246445393397      0.1751697639960589       0.5444582641810283        0.08139244056462      0.7330148834657546      0.5313688547441011         0
    1       14      0.1725295253680088     0.01355637412958054      0.6234465078644765      0.5191358593020899       0.2544563627129214      0.3669473464549002     0.05569564438062824     0.5185014502805038       0.371256628975324      0.8537835646744093      0.3470398548421346        0.9473467321846532      0.5972810318745259      0.4288064848890322       0.4013699816578689      0.8204455701103951      0.5995842862887204      0.1356806756643992         1
    1       15      0.3965135587030091      0.2012412503025391      0.9681076397278553       0.836439981944083       0.6099766375923841      0.2446819819160737      0.7882705140250942      0.356016874864387      0.1250539998769657      0.5101025887829665      0.4039659679621562        0.8656119113425829      0.4995159909374909      0.5896484861215059      0.01499791595593302       0.893354827800714      0.5621224685054687     0.02844873743985469         1
    1       16     0.05162036324230333      0.3109125513402332      0.9092925575367796      0.7191174679254699        0.433167081923845      0.9971417491621752      0.2313817085918143     0.7715889360432306      0.5930693719975857       0.109138528102388      0.2151174598489888       0.05181928754835907      0.2935260403422743      0.7518454991811369       0.9224807585253277       0.606573033767442      0.3182088333984009      0.7188535135911984         1
    1       17      0.8143564358909822      0.6967738663001607      0.7028825529656995      0.9756356765761868         0.98348481453593     0.03113672242034227      0.9388891434167616       0.74484604513402      0.7522535485758757      0.4125240501494975      0.5866564049838214        0.9416526862989283       0.247466384292218       0.550210881638082       0.2298907612372811      0.6914782393620246      0.9993059367471788      0.6470631866508888         1
    1       18      0.5956241213173296      0.7915312543433781      0.7941229378442385      0.4306672843587068       0.9167781346361153      0.8977854177329897      0.7297787675828052     0.5602039060154412      0.6589529683140831      0.8352519121266798      0.6447588656356351        0.4442190648522228       0.820039098083766      0.8780554601987306       0.2384532532124366      0.4135384403117415      0.3787264120066539      0.9730494728868103         1
    1       19      0.4532874681184896       0.227814193661066      0.8689639318812018      0.8395467701212813       0.1333494249834783      0.9513395729060803      0.1790809543609309    0.02315243019903493      0.1448468379417641      0.6742691755747526     0.08327259583812621        0.4372392175344026      0.2313822548474289      0.4245534347150371       0.5786210627346817      0.1402842371181275      0.5389089785749093      0.6203919735504314         1
    1       20      0.3586774928417678      0.5397639753465127      0.4082044733636495      0.3913417655560705       0.6609844274534327       0.730276729066908      0.4155567776916239     0.6779696920175209     0.09224283372879856      0.4576951002753857      0.9710495209127354        0.1166685049745461        0.89342431396039      0.8952803579068536        0.412109540481793     0.06748964066565451      0.2549493505865232      0.1467011984385964         1
    1       21      0.7951983424265766      0.1297865445712685      0.8818246116421909      0.5312663013400096       0.5469967021425772      0.6265959397643908      0.6897732441611071     0.9416511330326709       0.466418687972085     0.09831326167849409      0.4351432157615717        0.7303658870786118      0.8682679369761092      0.8528196679260064       0.5259774876978353      0.7854206047654669      0.6306026816497453      0.7409229077631608         1
    1       22      0.5006828589300211      0.3604467024056551      0.9391097979814125      0.1499945639981888       0.5790399178603871      0.2974902469173281      0.9056083239395067     0.7652321836755922     0.02687872876283816      0.6087480291232674      0.3162488893592834        0.8426026382004946      0.3844317662891829      0.6009998129939453       0.9414882096772392      0.9816748876189296      0.2250527151912037      0.6926438495154597         1
    1       23     0.02945369564436583      0.6757246235838263     0.02493006193674066      0.1138323004719698       0.8336855528591615      0.2681910418465527      0.9364071551813847      0.577268761329146      0.7283629919272951      0.8464936220526902      0.4198484700703476        0.2862277541826996       0.782013775431551       0.455999154664783        0.450856708515332      0.9092242392763081      0.8270979953334771      0.1259614256081275         1
    1       24      0.2948637222612484      0.8178695718072251      0.5484802546872137       0.983250152040273       0.4751693398976285      0.6722545882751648      0.1980546878120448     0.2702498082588944      0.4539846989701295      0.7254511264411525      0.6533506935772797       0.09909247723796094      0.3690557317640115      0.2520570321396614       0.4260829463251866      0.3817077761218469      0.7758205912515729       0.561837770374647         1
    1       25      0.4839207167827731       0.272825272672344      0.2880135145103042      0.4240753186103474       0.8258667873748993       0.686728397587366      0.3170011379355047     0.1071755285620586        0.76105377571916      0.7209729628236446      0.9848388743315203         0.345239468155584      0.1450467345524683      0.9616943035197134      0.02156099583436218      0.1277151480291246      0.9781764450457154      0.8775243971859001         1
    1       26      0.7739966272247127      0.0299948844489538      0.5009447282516502      0.1814400989730429        0.501907078621702     0.01716476793582034      0.6838373190115413     0.2394357514114947       0.694846243250908      0.7626682346751397      0.1186196594447311        0.6940981520857248      0.4893226371884036      0.3541289696301748       0.5278059054955115      0.7777134097892688      0.3091171186895938      0.2627281871818317         1
    1       27      0.4202773962350976      0.3718718620832078      0.7422117704952447     0.06304515071032156       0.1891598793251129       0.846139099689511      0.8742334448318515     0.1438190310029313      0.1562955231185899      0.3538353600759163      0.3931206922538372        0.6338434558439379      0.7883711917299984      0.8562844863290796       0.6020186010179006      0.1686308213237984      0.5345217399661326      0.9875127185808702         1
    1       28      0.5313510447481854      0.1487871949069409      0.3450900023828985     0.08515667660782736       0.7370069815440932      0.3453124689171091       0.172234035069899     0.6906704959912329     0.09740102635437829      0.1834043533308432      0.3715737139521581        0.4807006155425269      0.5069942437759083      0.8239682743429311       0.1467078421989249      0.5955297366703033      0.3715913876710046      0.1998455435270444         1
    1       29      0.3050380560310764      0.2406702391479889      0.8307389870518819     0.02199078798294067        0.998549573837469      0.2944183734129183       0.716169724535818     0.4155495755594328      0.9214149832285734      0.1394679710941596     0.06925581903843624        0.9814476887579077      0.2058756603251418      0.1942184632320681       0.5011334203507027       0.181757552212932      0.6910838689021249      0.6157911777936129         1
    1       30      0.2501013950418888      0.7347718454160107      0.9376927608145504      0.8929695532372636       0.2355619149903456      0.9824204849544913      0.5329028287242787     0.3984518675715663      0.1956297740456648      0.8982784586803367      0.7360311695917821        0.8890631711304499      0.9784840930227398      0.8286471653600327       0.4426064770164279      0.4520430455579319      0.7698833579676123      0.4358657300924986         1
    1       31      0.3840822580309274       0.883148775564041     0.02928032844793052      0.3594668579934579         0.35738168416105      0.5262682603633342     0.03627799266121454     0.5907546286419448      0.1375056276809321     0.04815091754361574       0.662520832722334        0.3380015423883581      0.3058936504336695     0.02676161048907994       0.0309023542678915      0.3390452750958503      0.5764790665785162      0.7595670555964008         1
    1       32      0.7152085374937289      0.3291583439826758      0.5760845150539859     0.02230107645478306       0.3843422671909341      0.8226938025857736      0.7169301354416853     0.3251973247672949      0.8546836741074609       0.398638789584705      0.8356728059136206        0.4679844271430436    0.004825306184486382      0.6822743864186729        0.114236209823543      0.5660279053832508      0.5592041891391596      0.8027711172859806         1
    1       33      0.6785962219725157        0.11573812718141      0.5291370653430931      0.1883754719113414       0.4182221199683328      0.3333276383630517      0.1383300190894968     0.1202003792820809      0.5325800076592714      0.9673502283908116      0.1587513839916533        0.4747535024058178      0.1429479521324134      0.1642710695922789       0.8090679135613351      0.7688097018050031      0.9360326196041165      0.4023352949246247         1
    1       34      0.7426890862614124      0.4206454368890263      0.4319749046699145      0.6862905997795881      0.04307761068921536     0.04182448338898313      0.9868279161086927     0.8684100768503009      0.4141012771223258      0.5306536546882449      0.4226704472042103        0.1823825413904463      0.8974200623303963      0.7297266903035861       0.1582030939442726       0.875170029390655      0.6189531541028475      0.2183682873974451         1
    1       35     0.01469819538114179      0.9445659882893477      0.2457552753673453      0.6806005163493359       0.9670004331804295      0.4497892094323309      0.5930778484843258     0.2724894387285329      0.6764839666494583      0.7564576153940935      0.6198692595883687        0.9092503908219643      0.7021055747379756      0.7636034932763627       0.3769424534157022      0.4771584632741805      0.3525732906781034      0.3281019768393081         1
    1       36      0.1984839451680374      0.4360489519015472      0.6682612727447931       0.995954859278734       0.1090885872215343     0.03491636696012897      0.2644791329253672     0.9925288378545601       0.700669385018086      0.4106960956227138   0.0004189968083260788        0.3095547214331519      0.7316303523490206      0.6995165758054807       0.1433232912884301      0.2497200259369695      0.1291106793770774      0.8233902637122407         1
    1       37      0.4928370520912318      0.2368964541328347          0.636875173174      0.5417997117270715      0.06886406963587635      0.8603470240435046      0.4573403722464314      0.059165141141663      0.3824439940805961      0.3490058777892652      0.3334927465456228        0.2980105001479387      0.7635928020010599     0.06454114282451985    0.0007319602921294669      0.7451854255904133      0.6711011480953959    0.005698799574747682         1
    1       38      0.9423607049070092      0.7587183310404523      0.4758414984318531      0.8330725923542762      0.09324978014273155      0.1610207701774521      0.8285984252553641     0.2150007542403829       0.392581684987009      0.6502059466710004      0.8180599521315243       0.01679082664712849      0.3939265445806086      0.6228427590556547      0.06822933138917303      0.5922527714438426      0.5555322905407392       0.102812311939326         1
    1       39      0.4035729121171042      0.6241810034701808       0.352266838401556      0.6919712401861843       0.2147736262361933      0.8145837835424269      0.4378879726010685     0.2202445339592588      0.5748273399438606      0.2568500975405591      0.5455546040644146        0.3600058995277828     0.05252102573221136      0.9207055244051542       0.6768701036201997      0.8288087908851191      0.2993362094443809      0.1217196257940183         1
    1       40      0.1228773399075079      0.6044383727376246      0.4919985660843345       0.117148365602932       0.4038138477041179      0.5914582002804512      0.6573431179703524     0.1823104300070554      0.6548778573206315       0.558981592354313      0.6006181842466403       0.03492998137889016        0.74594843781993     0.05522785852275168       0.9511025044588476      0.7423710893425677      0.3865190773633205      0.7845258256523974         1
    1       41      0.8093361762572183      0.2522511450353906       0.554051210413066     0.05649884854598592       0.5692489697196934     0.05386375232547936      0.4760656053045144    0.04414290541187964      0.1545935874313323      0.2186275114900329      0.3569897067629629        0.3829028885164815      0.2157169612603159      0.7177047312233804       0.3246396402776656      0.7132451675043234      0.4610345061726144      0.5221242292590129         1
    1       42      0.9317798571130779      0.5344873879699864     0.07235019188632982      0.5080439436301175       0.7973506361517746      0.8549417213459188      0.5343992841494684     0.4994212222996996      0.8658163036103361      0.5147905922999296      0.5007260718512245        0.4104103699455866      0.5490862722236974      0.1179085800760529       0.9013087918697339       0.274064094086902      0.6443232619759834     0.03878930215465112         1
    1       43      0.3199914045321445      0.5001857655886043      0.5425415128870453      0.5789322896123243       0.9391266861516568      0.1875637118846903       0.643975152543539     0.1017678153791672      0.6103258306574491      0.3809095139434147      0.8781049880832951        0.6816695571372596      0.9292393273583407      0.9882416640990415        0.136341162386816      0.1280859206285742      0.6480928208536676      0.3845321178449215         1
    1       44      0.6755766803877326      0.9048707442681513      0.9654667252079687      0.7639044383877062        0.633558895804971      0.7593050946649681      0.2168295128982411     0.2553406137753175      0.6652028517267252      0.3683648587450282      0.7479017401838468        0.9349437685851525       0.956876100813194      0.4202954162429605       0.9869974747985706      0.9556774225344675      0.4851084157656361      0.2064740486637069         0
    1       45      0.1328955969708558       0.961589490057021      0.5147825088610667      0.8195313420004419       0.2886443422421709      0.5289312658805607      0.7966837713624247     0.8439419616932153      0.0371394827353975      0.4641967756958265      0.7762845226097852        0.7752318300267992      0.1242018221140218       0.740231589834568       0.8839473141654809      0.2030201776017849     0.03227773893029533      0.6887341603623807         1
    1       46      0.3661138479960048      0.1621446078410372      0.5592301809319502      0.8880082649838491        0.334936440210893     0.08991575867273949      0.4662949913504741     0.6527526688697334      0.5412121144938282      0.4756137988064438      0.3735460162136911        0.7096230177260522      0.6130646492574467      0.8846604330309978       0.8756521564235704      0.5493563059549262      0.1664648927450698      0.5377650788817038         1
    1       47      0.1157952475671967      0.7612141678355532      0.3441030646273349      0.7770358222627288       0.1584583002116738      0.6646986556148881      0.5761387038355074    0.04468654640820913      0.7741813119151629      0.4976162925892924      0.3945746786219793       0.06784453534184852      0.0577840168417121      0.1530441408304291       0.6138497746187366      0.2716584458119339     0.05997037064516917      0.5952624071557592         1
    1       48      0.8621344401268289      0.3908906884543184      0.5992603949801479       0.854088526744292       0.7714604579287375     0.06071776522763281      0.3056020843731757      0.719193431807475      0.4901892067204851      0.6047124083425539      0.5309329086242037       0.05981838116163595      0.6064689018414356      0.2090658021832092       0.9612799046457642      0.7918483399423875      0.1904880634586637      0.8435833885748354         1
    1       49       0.728289292994628      0.7832552102277986       0.959955337496164     0.05497752711073392       0.4223018928612065      0.1895588729517638      0.7685128439114326     0.8980060162164996      0.9401327714530958      0.6962448004465033     0.01425430043083098        0.8487225995230903      0.2691966836780517      0.3173348703447522       0.3653863515174534      0.7324668472037755      0.4458719431383846    0.003183953567511506         0
    1       50      0.8921359993077608        0.83426494844025      0.7324011378313623      0.3750621612778761       0.7202751084489541      0.9392967787752342       0.224490946619254     0.8604460950100071      0.8667635688907467      0.8306759325179479      0.9897707187014425        0.5752316386348362      0.4419438340998669      0.3257600512433176     0.009096808048586051      0.9474934683129607      0.8450730615023834      0.6392935721837503         1
    1       51      0.3472020388024652     0.02307361269938863      0.6656258988401128      0.9670620643352675       0.3781278304031326      0.3363710631849244      0.8215569613255663     0.9116181330380236      0.7889437453666082      0.8272067181429723      0.4924240101452193        0.5669990181108006      0.6344612583194652     0.06940748673191087        0.514058497398057      0.3193002181244083       0.430015179163052      0.3048427046677615         1
    1       52      0.4665587124815728      0.9256304061764645      0.6045241271456082      0.3040595283783558       0.5859365568793793      0.5416600864897999       0.894943881699712     0.9730582151898286      0.2495899768468613      0.7768056351212889      0.4874793793152397           0.3666938301939     0.09433208405712827      0.4416791445097058        0.356113334509751      0.6949710983084515      0.8897750699103604       0.180346114109529         1
    1       53      0.6023109236641579       0.822251677462676      0.9145489624688505       0.264409831011047      0.02709355283295736      0.6911208340160859      0.9718181192784363     0.6722512962451827      0.7240626274038934      0.7386983786774283      0.5148349456683112         0.244433985841978     0.03865489194738782      0.2580816776853883       0.8175469224884485      0.6671776198432782     0.07418516296764009      0.4670842220476414         1
    1       54      0.6345759711706908      0.5816435887219592     0.05360150767567878      0.2939272832215971       0.2993818322623459      0.5342134469046464      0.1564280961782465     0.6383715065817038      0.5573355654370972       0.535018167058782       0.270266609311673         0.754844023170881      0.9335178600106803      0.7099164653685875       0.5891093965412842      0.8023578459021843      0.4239208736676826      0.2567436385382381         1
    1       55      0.6848607024074429      0.4680956636374403      0.7095340278452367      0.9643692704008168       0.6737978600987441      0.1310016792293431      0.7088036284820798     0.6190740407056486      0.5242854727445068      0.2258109222916472     0.01686971110369389        0.2374309277950993      0.6836109708464291      0.3157218249424154        0